   4.2300000e+00
   6.0200000e+00
   6.4899998e+00
   8.9200001e+00
   8.9799995e+00
   1.0190000e+01
   1.0350000e+01
   1.0410000e+01
   1.0440000e+01
   1.0520001e+01
   1.0520001e+01
   1.0590000e+01
   1.0590000e+01
   1.0620000e+01
   1.0640000e+01
   1.0660000e+01
   1.0670000e+01
   1.0700000e+01
   1.0700000e+01
   1.0740000e+01
   1.0800000e+01
   1.1050000e+01
   1.1060000e+01
   1.1270001e+01
   1.1320000e+01
   1.1400000e+01
   1.1420000e+01
   1.1630000e+01
   1.1630000e+01
   1.1660000e+01
   1.1660000e+01
   1.2390000e+01
   1.2410000e+01
   1.2570000e+01
   1.2950000e+01
   1.3050000e+01
   1.3140000e+01
   1.5700000e+01
   1.6129999e+01
   1.8760000e+01
